    0.00    0.00 0.000      0.00      0.00  0.000  0.000  0.000 18.716  0.000 99.000 99.000 99.000  0.000  0.000  0.000  0.000  0.000  -0.002  -0.006   0.001   0.000  0.000  0.000  0.000  0.000  0.000  0.000    0    0  0.000  0.000    0   0.792026021   6.846213481  0  0  0.00    0  0  0 2457023.75000000     0                                                                                                    0     0     0   0.000   0.000 00
    0.00    0.00 0.000      0.00      0.00  0.000  0.000  0.000 20.289  0.000 99.000 99.000 99.000  0.000  0.000  0.000  0.000  0.000  -0.005  -0.014   0.002   0.002  0.000  0.000  0.000  0.000  0.000  0.000    0    0  0.000  0.000    0   0.806634983   6.928650044  0  0  0.00    0  0  0 2457023.75000000     0                                                                                                    0     0     0   0.001   0.001 00
    0.00    0.00 0.000      0.00      0.00  0.000  0.000  0.000 21.135  0.000 99.000 99.000 99.000  0.000  0.000  0.000  0.000  0.000   0.000   0.000   0.000   0.000  0.000  0.000  0.000  0.000  0.000  0.000    0    0  0.000  0.000    0   0.818394852   6.996025680  0  0  0.00    0  0  0 2457023.75000000     0                                                                                                    0     0     0   0.007   0.003 00
    0.00    0.00 0.000      0.00      0.00  0.000  0.000  0.000 20.027  0.000 99.000 99.000 99.000  0.000  0.000  0.000  0.000  0.000   0.008  -0.006   0.003   0.001  0.000  0.000  0.000  0.000  0.000  0.000    0    0  0.000  0.000    0   0.926781337   7.627291278  0  0  0.00    0  0  0 2457023.75000000     0                                                                                                    0     0     0   0.001   0.001 00
    0.00    0.00 0.000      0.00      0.00  0.000  0.000  0.000 21.275  0.000 99.000 99.000 99.000  0.000  0.000  0.000  0.000  0.000   0.000   0.000   0.000   0.000  0.000  0.000  0.000  0.000  0.000  0.000    0    0  0.000  0.000    0   1.060371830   8.424994801  0  0  0.00    0  0  0 2457023.75000000     0                                                                                                    0     0     0   0.006   0.003 00
    0.00    0.00 0.000      0.00      0.00  0.000  0.000  0.000 20.350  0.000 99.000 99.000 99.000  0.000  0.000  0.000  0.000  0.000  -0.003  -0.011   0.002   0.001  0.000  0.000  0.000  0.000  0.000  0.000    0    0  0.000  0.000    0   1.070787344   8.487825685  0  0  0.00    0  0  0 2457023.75000000     0                                                                                                    0     0     0   0.001   0.001 00
    0.00    0.00 0.000      0.00      0.00  0.000  0.000  0.000 17.106  0.000 99.000 99.000 99.000  0.000  0.000  0.000  0.000  0.000   0.010  -0.003   0.000   0.000  0.000  0.000  0.000  0.000  0.000  0.000    0    0  0.000  0.000    0   1.082878144   8.561140478  0  0  0.00    0  0  0 2457023.75000000     0                                                                                                    0     0     0   0.000   0.000 00
    0.00    0.00 0.000      0.00      0.00  0.000  0.000  0.000 16.201  0.000 99.000 99.000 99.000  0.000  0.000  0.000  0.000  0.000   0.028  -0.004   0.000   0.000  0.000  0.000  0.000  0.000  0.000  0.000    0    0  0.000  0.000    0   1.134473884   8.875276300  0  0  0.00    0  0  0 2457023.75000000     0                                                                                                    0     0     0   0.000   0.000 00
    0.00    0.00 0.000      0.00      0.00  0.000  0.000  0.000 19.088  0.000 99.000 99.000 99.000  0.000  0.000  0.000  0.000  0.000   0.029  -0.029   0.001   0.000  0.000  0.000  0.000  0.000  0.000  0.000    0    0  0.000  0.000    0   1.153459833   9.002027529  0  0  0.00    0  0  0 2457023.75000000     0                                                                                                    0     0     0   0.000   0.000 00
    0.00    0.00 0.000      0.00      0.00  0.000  0.000  0.000 20.583  0.000 99.000 99.000 99.000  0.000  0.000  0.000  0.000  0.000   0.000   0.000   0.000   0.000  0.000  0.000  0.000  0.000  0.000  0.000    0    0  0.000  0.000    0   1.106146724   8.705098982  0  0  0.00    0  0  0 2457023.75000000     0                                                                                                    0     0     0   0.001   0.001 00
    0.00    0.00 0.000      0.00      0.00  0.000  0.000  0.000 19.829  0.000 99.000 99.000 99.000  0.000  0.000  0.000  0.000  0.000   0.019  -0.009   0.001   0.001  0.000  0.000  0.000  0.000  0.000  0.000    0    0  0.000  0.000    0   1.066527764   8.450011144  0  0  0.00    0  0  0 2457023.75000000     0                                                                                                    0     0     0   0.000   0.000 00
    0.00    0.00 0.000      0.00      0.00  0.000  0.000  0.000 19.915  0.000 99.000 99.000 99.000  0.000  0.000  0.000  0.000  0.000   0.001  -0.006   0.002   0.001  0.000  0.000  0.000  0.000  0.000  0.000    0    0  0.000  0.000    0   0.961173412   7.736943493  0  0  0.00    0  0  0 2457023.75000000     0                                                                                                    0     0     0   0.001   0.001 00
    0.00    0.00 0.000      0.00      0.00  0.000  0.000  0.000 20.788  0.000 99.000 99.000 99.000  0.000  0.000  0.000  0.000  0.000   0.000   0.000   0.000   0.000  0.000  0.000  0.000  0.000  0.000  0.000    0    0  0.000  0.000    0   0.952301354   7.673101915  0  0  0.00    0  0  0 2457023.75000000     0                                                                                                    0     0     0   0.010   0.004 00
    0.00    0.00 0.000      0.00      0.00  0.000  0.000  0.000 19.945  0.000 99.000 99.000 99.000  0.000  0.000  0.000  0.000  0.000  -0.001   0.001   0.002   0.001  0.000  0.000  0.000  0.000  0.000  0.000    0    0  0.000  0.000    0   0.940212630   7.584682957  0  0  0.00    0  0  0 2457023.75000000     0                                                                                                    0     0     0   0.001   0.000 00
    0.00    0.00 0.000      0.00      0.00  0.000  0.000  0.000 14.719  0.000 99.000 99.000 99.000  0.000  0.000  0.000  0.000  0.000  -0.003  -0.007   0.000   0.000  0.000  0.000  0.000  0.000  0.000  0.000    0    0  0.000  0.000    0   0.914502458   7.383707924  0  0  0.00    0  0  0 2457023.75000000     0                                                                                                    0     0     0   0.000   0.000 00
