22 41 09.6289  -02 24 52.973   11.709  2456546.74728881  W84  V
22 51 11.0312  -01 53 45.582   12.069  2456951.63046171  W84  V
22 50 31.8459  -01 59 54.859   13.586  2456958.64283919  W84  V
23 09 16.8343  -00 17 59.507   13.512  2457294.66294179  W84  V
23 06 37.4242  -00 38 41.532   11.784  2457313.57947671  W84  V
23 06 16.3558  -00 41 40.099   11.891  2457316.57623061  W84  V
23 05 11.5553  -00 51 31.673   11.529  2457327.54855021  W84  V
23 05 11.5466  -00 51 31.739   11.577  2457327.54992071  W84  V
23 05 11.5393  -00 51 31.806   12.199  2457327.55128661  W84  V
23 24 26.1752  +00 55 16.377   11.366  2457657.64177211  W84  V
23 24 26.1613  +00 55 16.256   11.412  2457657.64314451  W84  V
23 24 26.1498  +00 55 16.154   12.010  2457657.64451631  W84  V
23 23 48.0384  +00 50 39.050   11.591  2457661.62434411  W84  V
23 23 01.5949  +00 44 53.853   11.534  2457666.63751001  W84  V
23 23 01.5854  +00 44 53.756   12.100  2457666.63890121  W84  V
23 23 01.6095  +00 44 53.942   11.544  2457666.63612811  W84  V
23 19 20.6058  +00 14 13.514   11.792  2457697.53680191  W84  V
23 19 20.5976  +00 14 13.447   12.916  2457697.53816401  W84  V
23 34 38.0433  +01 31 30.017   11.811  2458052.55270101  W84  V
23 33 15.1604  +01 19 10.068   12.715  2458066.54611151  W84  V
23 33 15.1662  +01 19 10.594   12.330  2458066.54474231  W84  V
23 33 15.1522  +01 19 10.468   11.651  2458066.54749661  W84  V
23 32 23.1761  +01 09 10.878   11.834  2458082.54264961  W84  V
